تهران:
  Inputs: 113208 113212 113253 113254 113256 113257 113259 113260 113263 113264 113278 113299 113391 113478 113612 113654 113855 113860 113863 113953 113954 114110 114151 114152 114256 114551 143102 143107 143131 143133 143167 164603 183101 183112 183152 183266 183268 513610 513612 513620 513653 513655 183269 114117 513601 513640 113293 113302 
  Outputs: 113203 113204 113206 113207 113209 113210 113213 113214 113228 113229 113249 113258 113262 113341 113428 113604 113805 113810 113813 113903 113904 114101 114102 114160 114206 114501 143117 143152 143181 143183 143220 164609 164653 183102 183151 183162 183215 183216 183218 513603 513605 513660 513662 513670 143157 183219 114167 513651 513690 113243 113352 

زنجان:
  Inputs: 153104 153113 153122 263104 263105 263111 263237 263901 263903 264405 673151 673152 673153 673154 673155 673156 673157 673158 673159 673162 673163 673172 673251 673260 673272 673280 673281 673451 673454 673551 673552 673554 673652 673653 733301 733307 153112 153185 153187 
  Outputs: 153163 153172 263154 263155 263161 263287 263951 263953 264455 673101 673102 673103 673104 673105 673106 673107 673108 673109 673112 673113 673122 673201 673210 673222 673230 673231 673401 673404 673501 673502 673504 673602 673603 733351 733357 153135 153154 153162 

قزوین:
  Inputs: 153151 153153 153155 153156 153157 153160 153161 153163 153164 153165 153172 153173 153186 153190 153251 183107 183110 183111 183117 183121 183224 543105 543230 543502 543503 543506 673106 673112 673501 673504 153135 153154 153162 153351 183114 153359 
  Outputs: 153101 153103 153104 153105 153106 153107 153110 153111 153113 153114 153115 153122 153123 153136 153140 153201 183157 183160 183161 183167 183171 183274 543155 543280 543552 543553 543556 673156 673162 673551 673554 153112 153137 153185 153187 153301 183164 153189 

قم:
  Inputs: 113203 113210 113229 113251 113604 141465 143117 143120 143152 143155 143158 143161 143164 143165 143181 143183 143184 143185 143187 143220 143223 143251 143252 143275 149955 214301 873454 143151 143157 143168 214202 143166 143188 214234 113243 143173 143174 
  Outputs: 113201 113253 113260 113612 113654 141415 143102 143105 143107 143108 143111 143114 143115 143131 143133 143134 143135 143137 143167 143170 143201 143202 143225 149905 214252 214351 873404 143101 143118 143116 143138 214284 113293 143123 143124 

کرج:
  Inputs: 113202 113428 114501 153103 153110 153111 153114 153115 164601 164606 164654 183102 183151 183154 183155 183157 183160 183161 183162 183163 183167 183168 183169 183170 183171 183218 183274 164104 164605 183164 183219 164607 184253 1132123 
  Outputs: 113252 113478 114551 153153 153160 153161 153164 153165 164154 164604 164651 164655 164656 183101 183104 183105 183107 183110 183111 183112 183113 183117 183118 183119 183120 183121 183152 183224 183114 164657 184203 1132523 

ساوه:
  Inputs: 113204 113228 113258 114102 114160 143129 143132 143136 153202 513603 513605 513649 513652 513656 513658 513659 513660 513661 513662 513670 513671 753104 753105 753111 753244 143109 143153 753228 114167 513651 513690 
  Outputs: 113208 113254 113278 114110 114152 143179 143182 143186 153252 513602 513606 513608 513609 513610 513611 513612 513620 513621 513653 513655 513699 753154 753155 753161 753294 143103 143159 753278 114117 513601 513640 

مشهد:
  Inputs: 313128 313145 313152 313153 313154 313155 313156 313157 313158 313159 313160 313161 313170 313180 313194 313196 313223 313224 313285 313352 313852 313952 313122 313173 313269 313275 313281 313270 
  Outputs: 313102 313103 313104 313105 313106 313107 313108 313109 313110 313111 313120 313130 313144 313146 313178 313195 313235 313273 313274 313302 313802 313902 313172 313123 313219 313225 313231 313220 

اصفهان:
  Inputs: 213153 213156 213163 213269 213278 213279 214552 214762 214901 215104 215253 414114 773106 213152 213154 213155 213164 214902 213151 213266 213901 214551 213270 
  Outputs: 213103 213106 213113 213219 213228 213229 214502 214712 214951 215154 215203 414164 773156 213102 213104 213105 213114 214952 213101 213216 213951 214501 213220 

اردبیل:
  Inputs: 263902 543201 673402 913151 913152 913153 913154 913251 913253 913268 913275 913276 913277 913278 913279 913351 913553 913559 913751 913904 913157 913163 913952 
  Outputs: 263952 543251 673452 913101 913102 913103 913104 913201 913203 913218 913225 913226 913227 913228 913229 913301 913503 913509 913701 913954 913107 913113 913902 

تبریز:
  Inputs: 263107 263151 263153 263154 263155 263156 263160 263161 263162 263287 263301 263451 263951 264415 264455 573104 673105 673210 673401 673404 263236 
  Outputs: 263101 263103 263104 263105 263106 263110 263111 263112 263157 263237 263351 263401 263901 264405 264465 573154 673155 673260 673451 673454 263286 

ایرانشهر:
  Inputs: 453518 453552 454220 573302 573351 573354 574402 574501 613204 613253 613269 613293 613294 613605 613752 813109 813604 454215 613202 613251 573353 
  Outputs: 453502 453568 454270 573301 573304 573352 574452 574551 613203 613219 613243 613244 613254 613655 613702 813159 813654 454265 613201 613252 573303 

کاشان:
  Inputs: 143108 143135 143202 214210 214252 214255 214289 214290 214291 214351 143101 143119 214206 214261 214277 214903 143116 214284 214916 143123 
  Outputs: 143158 143185 143223 143252 214205 214239 214240 214241 214260 214301 143151 143169 214202 214211 214227 214256 214953 143166 214234 214966 143173 

همدان:
  Inputs: 513602 513606 513621 733305 733353 733601 753101 753102 753153 753154 753155 753157 753161 753252 753283 753284 753294 753295 753558 753278 
  Outputs: 513652 513656 513671 733303 733355 733651 753103 753104 753105 753107 753151 753152 753202 753233 753234 753244 753245 753508 753228 

سلفچگان:
  Inputs: 143105 143154 143175 143179 143180 143182 143186 143253 513152 513264 513608 513609 513654 513699 143103 143118 143159 143160 
  Outputs: 143104 143110 143129 143130 143132 143136 143155 143203 513102 513214 513604 513649 513658 513659 143109 143153 143168 

رشت:
  Inputs: 153101 153105 153106 153107 543154 543155 543159 543160 543161 543233 543269 543270 543280 543285 543553 543556 543271 
  Outputs: 153151 153155 153156 153157 543104 543105 543109 543110 543111 543219 543220 543230 543235 543283 543503 543506 543221 153139 

ارومیه:
  Inputs: 573103 573151 573152 573154 573251 573252 573261 573271 573272 573273 573274 573275 573276 573901 574552 573105 573108 
  Outputs: 573101 573102 573104 573153 573201 573202 573211 573221 573222 573223 573224 573225 573226 573951 574502 573155 573158 

یزد:
  Inputs: 333902 933155 933156 933157 933158 933159 933160 933165 933167 933168 933252 933259 933402 933852 933954 933955 933956 
  Outputs: 333952 933105 933106 933107 933108 933109 933110 933115 933117 933118 933202 933209 933452 933802 933904 933905 933906 

کرمان:
  Inputs: 453104 453153 453164 453205 453206 453253 453254 453295 453296 453297 453299 453453 453455 453602 453620 453101 4532101 
  Outputs: 453103 453114 453162 453203 453204 453245 453246 453247 453249 453256 453403 453405 453652 453151 453156 

شیراز:
  Inputs: 413111 413152 413154 413156 413158 413173 413174 413272 414152 414164 414403 414803 414804 414805 414806 414807 
  Outputs: 413102 413104 413106 413108 413123 413124 413161 413222 414102 414114 414453 414853 414854 414855 414856 414857 

مهاباد:
  Inputs: 573101 573221 573352 573902 573951 573953 573954 574502 613215 933405 933406 933453 933454 933457 933765 573158 
  Outputs: 573151 573271 573302 573901 573903 573904 573952 574552 613265 933403 933404 933407 933455 933456 933715 573108 

شاهرود:
  Inputs: 314302 315305 873308 873351 873352 873353 873377 873378 873379 913803 913956 973107 973501 973903 913955 315304 
  Outputs: 314352 315355 873301 873302 873303 873327 873328 873329 873358 913853 913906 973157 973551 973953 913905 315354 

اهواز:
  Inputs: 363107 363152 363154 363155 363163 363201 363253 363254 363256 363257 363279 363604 363628 364403 364503 363153 
  Outputs: 363102 363104 363105 363113 363157 363203 363204 363206 363207 363229 363251 363654 363678 364453 364553 363103 

خزرآباد:
  Inputs: 163154 363313 613298 613303 613354 813151 813152 813155 813157 813159 813160 813161 813258 813259 933202 
  Outputs: 163104 363363 613248 613353 813101 813102 813105 813107 813109 813110 813111 813208 813209 933252 613304 

بیجار:
  Inputs: 573401 673101 673124 673201 673222 673703 733154 733303 733351 733352 733354 733356 733357 733604 753602 
  Outputs: 573451 673151 673174 673251 673272 673753 733104 733301 733302 733304 733306 733307 733353 733654 753652 

فیروزکوه:
  Inputs: 113404 113417 113418 113419 113465 113466 113502 113551 163157 164101 164105 164106 164107 873103 
  Outputs: 113415 113416 113454 113467 113468 113469 113501 113552 163107 164119 164151 164155 164156 164157 873153 

بیرجند:
  Inputs: 333101 333111 333272 333275 333280 333282 333551 333552 333553 333554 333562 873229 873279 333276 
  Outputs: 333151 333161 333222 333225 333230 333232 333501 333502 333503 333504 333512 873229 873279 333226 

چالوس:
  Inputs: 163860 164154 164604 164651 164655 164656 183104 183105 183118 183119 183120 184258 164501 164657 
  Outputs: 163810 164601 164606 164654 183154 183155 183168 183169 183170 184208 164104 164605 164551 164607 

بندرعباس:
  Inputs: 413801 414601 414704 643144 643151 643154 643155 643156 643157 643158 643159 643160 643281 643805 
  Outputs: 413851 414651 414754 643101 643104 643105 643106 643107 643108 643109 643110 643194 643231 

زاهدان:
  Inputs: 335604 453409 453517 613151 613152 613156 613277 613286 613287 613290 613292 613451 615651 
  Outputs: 335654 453459 453567 613102 613106 613227 613237 613240 613242 613401 615601 613101 613236 

قهاوند:
  Inputs: 513217 713902 713904 713954 753303 753360 753801 753853 753854 753855 753859 753860 813752 
  Outputs: 513267 713904 713952 713954 753310 753353 753803 753804 753805 753809 753810 753851 813702 

یاسوج:
  Inputs: 213501 413601 413606 413901 853151 853153 853155 853157 853158 853161 853264 853361 853454 
  Outputs: 213551 413651 413656 413951 853101 853103 853105 853107 853108 853111 853214 853311 853404 

آمل:
  Inputs: 163201 163203 163207 163208 163221 163238 163255 163262 163263 163264 163265 163266 163320 
  Outputs: 163205 163212 163213 163214 163215 163216 163251 163253 163257 163258 163271 163288 163370 

ابهر:
  Inputs: 153306 263452 263453 263454 263455 264302 673177 673553 673555 673601 673701 913901 
  Outputs: 153356 263402 263403 263404 263405 264352 673127 673503 673505 673651 673751 913951 

نطنز:
  Inputs: 213283 213284 214205 214209 214239 214951 213285 214256 214952 213216 214955 214966 
  Outputs: 213233 213234 214255 214259 214289 214901 213235 214206 214902 213266 214905 214916 

جیرفت:
  Inputs: 453313 453699 454272 453652 453653 453654 453655 453660 453661 454218 454271 
  Outputs: 453363 453602 453649 454222 453603 453604 453605 453610 453611 453620 454221 454268 

سیرجان:
  Inputs: 414501 453401 453930 453932 453951 453953 453954 453958 453959 453981 643113 
  Outputs: 414551 453451 453901 453903 453904 453908 453909 453927 453931 453980 453982 643163 

سقز:
  Inputs: 573203 733412 733413 733451 733452 733464 733465 733466 733467 733453 733454 
  Outputs: 573253 733401 733402 733414 733415 733416 733417 733462 733463 733403 733404 

فاریاب:
  Inputs: 414163 643112 643603 643652 643806 913156 913218 453610 454213 454217 454266 
  Outputs: 414113 643162 643602 643653 643856 913106 913268 453660 454216 454263 454267 

ایواغلی:
  Inputs: 263703 263704 263806 573551 573557 573653 573851 574103 574154 574155 573555 
  Outputs: 263753 263754 263856 573501 573507 573603 573801 574104 574105 574153 573505 

چرمشهر:
  Inputs: 114304 114357 114358 114359 184214 363113 363207 363851 363853 153404 113261 
  Outputs: 114307 114308 114309 114354 153454 184264 363163 363257 363801 363803 113211 

خلخال:
  Inputs: 264401 543902 544105 673125 913102 913227 913603 913651 913652 913657 913701 
  Outputs: 264451 543952 544155 673175 913152 913277 913601 913602 913607 913653 913751 

شهرکرد:
  Inputs: 213209 364601 773151 773155 773156 773157 773164 773256 773272 773306 773154 
  Outputs: 213259 364651 773101 773105 773106 773107 773114 773206 773222 773356 773104 

برازجان:
  Inputs: 414402 953214 953451 953452 953454 953458 953468 953709 953761 953105 953456 
  Outputs: 414452 953264 953401 953402 953404 953408 953418 953711 953759 953155 953406 

مهریز:
  Inputs: 453703 933106 933209 933505 933751 933752 933753 933754 933763 933764 
  Outputs: 453753 933156 933259 933555 933701 933702 933703 933704 933713 933714 

دهلران:
  Inputs: 363305 733102 733652 733653 733657 733659 833503 833551 833552 833702 
  Outputs: 363355 733152 733602 733603 733607 733609 833501 833502 833553 833752 

ایلام:
  Inputs: 833153 833154 833156 833162 833260 833271 833272 833273 833666 833152 
  Outputs: 833103 833104 833106 833112 833210 833221 833222 833223 833616 833102 

سبزوار:
  Inputs: 314305 314351 314352 314353 314354 314370 315701 315723 315728 323206 
  Outputs: 314301 314302 314303 314304 314320 314355 315751 315773 315778 323256 

شهرضا:
  Inputs: 213952 213953 213968 213971 215203 215251 773301 213951 213954 213220 
  Outputs: 213902 213903 213921 215201 215253 773351 213918 213901 213904 213270 

رودهن:
  Inputs: 113453 113474 163212 163213 163214 163215 163216 163257 163258 163271 
  Outputs: 113403 113424 163207 163208 163221 163262 163263 163264 163265 163266 

اندیمشک:
  Inputs: 363351 363352 363354 363355 363363 363364 813107 813351 833501 833502 
  Outputs: 363301 363302 363304 363305 363313 363314 813157 813301 833551 833552 

کرمانشاه:
  Inputs: 713151 713152 713153 713155 713161 713255 713288 713289 733801 833210 
  Outputs: 713101 713102 713103 713105 713111 713205 713238 713239 733851 833260 

خاش:
  Inputs: 613242 613401 613407 613452 613460 613464 613656 613201 613236 613853 
  Outputs: 613286 613292 613402 613410 613414 613451 613457 613606 613251 613803 

عسلویه:
  Inputs: 414113 643302 953601 953661 953666 953667 213105 214753 953603 953660 
  Outputs: 414163 643352 953611 953616 953617 953651 213155 214703 953610 953653 

چناران:
  Inputs: 313103 313120 313121 313208 313249 313902 313904 313951 313124 313231 
  Outputs: 313153 313170 313171 313258 313299 313901 313952 313954 313174 313281 

مهرستان:
  Inputs: 613654 613655 833155 833223 833701 833752 833753 833754 833755 833757 
  Outputs: 613604 613605 833105 833273 833702 833703 833704 833705 833707 833751 

بروجرد:
  Inputs: 513103 513215 513703 753703 753803 813651 813652 813653 813654 813667 
  Outputs: 513153 513265 513753 753753 753853 813601 813602 813603 813604 813617 

اسکلآباد:
  Inputs: 613457 713107 713201 713252 713253 714151 833201 613461 713222 713106 
  Outputs: 613407 713157 713202 713203 713251 714101 833251 613411 713272 713156 

باغچه:
  Inputs: 313105 313109 313146 313151 313171 313258 313299 313174 313219 313225 
  Outputs: 313101 313121 313155 313159 313196 313208 313249 313124 313269 313275 

زابل:
  Inputs: 333201 613219 613505 613516 613552 613557 613560 613562 613556 
  Outputs: 333251 613269 613502 613507 613510 613512 613555 613566 613506 

کامیاران:
  Inputs: 713238 713239 713406 713603 713805 733151 733851 733852 733951 
  Outputs: 713288 713289 713456 713653 713855 733101 733801 733802 733901 

مریوان:
  Inputs: 733225 733226 733414 733462 733751 733757 733758 733106 733403 
  Outputs: 733275 733276 733412 733464 733701 733707 733708 733156 733453 

بافت:
  Inputs: 453303 453351 453361 453403 453904 453982 453605 453612 454221 
  Outputs: 453301 453311 453353 453453 453932 453954 453655 453662 454271 

نظرآباد:
  Inputs: 184205 414951 414952 714208 753809 813201 813702 813751 933211 
  Outputs: 184255 414901 414902 714258 753859 813251 813701 813752 933261 

قوچان:
  Inputs: 313901 313954 313959 313960 313961 314201 314303 314355 323501 
  Outputs: 313904 313909 313910 313911 313951 314251 314305 314353 323551 

صالحآباد:
  Inputs: 313703 753152 753245 753251 753351 833221 833705 833751 833102 
  Outputs: 313753 753102 753201 753295 753301 833271 833701 833755 833152 

ایوانکی:
  Inputs: 113401 713203 714101 833101 833251 873402 873453 873465 873451 
  Outputs: 113451 713253 714151 833151 833201 873403 873415 873452 873401 

آبیک:
  Inputs: 114307 114308 114309 153136 153138 153452 153453 153454 184264 153137 
  Outputs: 114357 114358 114359 153186 153402 153403 184214 153404 

اسدآباد:
  Inputs: 713604 713951 733608 753201 753253 753357 753358 753359 953754 
  Outputs: 713654 713901 733658 753203 753251 753308 753309 953704 

قائمشهر:
  Inputs: 163102 163107 163302 164119 164151 164155 164156 164157 164301 
  Outputs: 163152 163157 163352 164101 164105 164106 164107 164351 

سمنان:
  Inputs: 113415 163156 873152 873153 873154 873155 873202 873255 873280 
  Outputs: 113465 163106 873102 873103 873104 873105 873205 873230 

دیلم:
  Inputs: 363607 363627 363702 364702 853314 953702 953851 953852 953703 
  Outputs: 363657 363677 363752 853364 953752 953801 953802 953753 

ماهان:
  Inputs: 453102 453162 453204 453252 453505 673110 673460 833604 453156 
  Outputs: 453112 453152 453202 453254 453555 673160 833654 

نیشابور:
  Inputs: 313101 313195 313273 314320 315751 315752 315773 315778 
  Outputs: 313145 313151 313223 314370 315701 315702 315723 315728 

ورجان:
  Inputs: 143113 753151 753353 753508 773101 773109 773161 753352 
  Outputs: 143163 753101 753303 753558 773111 773151 773159 753302 

بجستان:
  Inputs: 313806 314701 315504 315555 334702 364202 364301 364302 
  Outputs: 313856 314751 315505 315554 334752 364252 364351 364352 

فیروزآباد:
  Inputs: 413107 414352 414357 414358 414360 813202 813251 953604 
  Outputs: 413157 414302 414307 414308 414310 813201 813252 953654 

قائن:
  Inputs: 314106 315502 333451 333453 333454 334902 334951 314102 
  Outputs: 314156 315552 333401 333403 333404 334901 334952 314152 

اردستان:
  Inputs: 213233 213234 213252 953612 213104 213235 214204 214953 
  Outputs: 213202 213283 213284 953662 213154 213285 214254 214903 

ابرکوه:
  Inputs: 213201 410247 933612 933651 933653 933663 933664 934158 
  Outputs: 213251 410297 933601 933603 933613 933614 933662 934108 

بهبهان:
  Inputs: 363751 363752 363753 853215 853302 853303 853312 953802 
  Outputs: 363701 363702 363703 853265 853352 853353 853362 953852 

میاندوآب:
  Inputs: 264203 264406 573952 574351 574353 574358 574359 574352 
  Outputs: 264253 264456 573902 574301 574303 574308 574309 574302 

زرینشهر:
  Inputs: 213113 213259 214553 214561 333503 334952 773304 213102 
  Outputs: 213163 213209 214503 214511 333553 334902 773354 213152 

قروه:
  Inputs: 713602 733602 733651 733654 733655 733656 733658 753301 
  Outputs: 733601 733604 733605 733606 733608 733652 753351 713652 

سرایان:
  Inputs: 333151 333218 543101 543219 544302 544308 613402 613651 
  Outputs: 333101 333268 543151 543269 544352 544358 613452 613601 

دماوند:
  Inputs: 113403 113416 113454 113467 113468 113469 113552 113414 
  Outputs: 113404 113417 113418 113419 113453 113466 113502 113464 

پلدختر:
  Inputs: 713240 813101 813162 813208 813301 813354 813355 833302 
  Outputs: 713290 813112 813151 813258 813304 813305 813351 833352 

انارک:
  Inputs: 214652 214653 453752 453753 453754 933702 933713 214604 
  Outputs: 214602 214603 214654 453702 453703 453704 933752 933763 

بابل:
  Inputs: 163204 163251 163253 163351 163352 163355 163373 163370 
  Outputs: 163201 163203 163254 163302 163305 163323 163301 163320 

شوشتر:
  Inputs: 362113 363164 364551 364553 364558 364559 364560 364602 
  Outputs: 362163 363114 364501 364503 364508 364509 364510 364652 

ملایر:
  Inputs: 513702 753156 753716 753753 753754 753774 753804 813610 
  Outputs: 513752 753106 753703 753704 753724 753766 753854 813660 

حاجیآباد:
  Inputs: 333408 453901 453909 643108 643109 643163 643179 643504 
  Outputs: 333458 453951 453959 643113 643129 643158 643159 643554 

سنقر:
  Inputs: 713653 713654 713858 714203 733606 733609 753308 713652 
  Outputs: 713602 713603 713604 713808 714253 733656 733659 753358 

ساری:
  Inputs: 163104 163151 163152 163153 163160 163161 163155 163159 
  Outputs: 163101 163102 163110 163111 163154 163103 163105 163109 

کنگاور:
  Inputs: 713851 713901 713952 713953 753203 753401 753851 
  Outputs: 713801 713902 713903 713951 753253 753357 753451 753801 

سنندج:
  Inputs: 733152 733157 733160 733222 733275 733276 733278 733156 
  Outputs: 733102 733107 733110 733225 733226 733228 733106 

لار:
  Inputs: 414651 414652 414653 414655 414657 643110 643902 
  Outputs: 414601 414602 414603 414605 414607 414614 643160 643952 

شهربابک:
  Inputs: 453704 453908 453927 453980 454107 454153 454154 934101 
  Outputs: 453754 453930 453958 454103 454104 454157 934151 

دامغان:
  Inputs: 873104 873205 873230 873253 873254 873302 873358 
  Outputs: 873154 873202 873203 873204 873255 873280 873308 873352 

گلپایگان:
  Inputs: 513401 213402 214451 214452 214703 214711 214709 
  Outputs: 513451 213452 214401 214402 214753 214761 214759 

بروجن:
  Inputs: 215205 773153 773351 773353 773369 213910 773352 
  Outputs: 215255 773103 773301 773303 773319 213960 773302 

تیران:
  Inputs: 213602 214701 214851 214858 773108 215352 213603 
  Outputs: 213652 214751 214801 214808 773158 215302 213653 

داران:
  Inputs: 213601 213652 214808 215301 773112 813401 213653 
  Outputs: 213602 213651 214858 215351 773162 813451 213603 

سلماس:
  Inputs: 264504 573102 573225 573502 573554 573751 573759 
  Outputs: 264554 573152 573275 573504 573552 573701 573709 

میانه:
  Inputs: 263953 264403 264451 264456 673102 673113 673230 
  Outputs: 263903 264401 264406 264453 673152 673163 673280 

فومن:
  Inputs: 543104 544201 544352 544357 544358 544359 544351 
  Outputs: 543154 544251 544302 544307 544308 544309 544301 

گرمسار:
  Inputs: 113201 114413 143115 143137 873403 873404 873455 
  Outputs: 113251 114463 143165 143187 873405 873453 873454 

اراک:
  Inputs: 513102 513153 513155 513214 753704 813617 143124 
  Outputs: 513103 513105 513152 513264 753754 813667 143174 

مرودشت:
  Inputs: 414801 414853 414854 414855 414856 414857 414869 
  Outputs: 414803 414804 414805 414806 414807 414819 414851 

چابهار:
  Inputs: 613302 613305 613351 613353 613357 613701 613704 
  Outputs: 613301 613303 613307 613352 613751 613754 613355 

لامرد:
  Inputs: 414607 414751 414754 414755 643355 953616 953610 
  Outputs: 414657 414701 414704 414705 643305 953666 953660 

نیکشهر:
  Inputs: 613244 613246 613702 613751 613753 613754 613755 
  Outputs: 613294 613296 613701 613703 613704 613705 613752 

بوشکان:
  Inputs: 414311 573253 573803 573904 574301 733401 733417 
  Outputs: 414361 573203 573853 573954 574351 733451 733467 

کازرون:
  Inputs: 413104 413124 413222 414452 414453 953401 953404 
  Outputs: 413154 413174 413272 414402 414403 953451 953454 

بم:
  Inputs: 453202 453457 453502 453555 453567 613104 613240 
  Outputs: 453252 453407 453505 453517 453552 613154 613290 

گچساران:
  Inputs: 363701 414901 853351 853353 853362 853364 853360 
  Outputs: 363751 414951 853301 853303 853312 853314 853310 

ماکو:
  Inputs: 573801 574101 574104 574105 574106 574153 573505 
  Outputs: 573851 574103 574151 574154 574155 574156 573555 

آبادان:
  Inputs: 363102 363251 363601 363803 873101 873405 363202 
  Outputs: 363152 363201 363651 363853 873151 873455 363252 

خمین:
  Inputs: 513110 513451 513452 513453 513454 813402 214401 
  Outputs: 513160 513401 513402 513403 513404 813452 214451 

طبس:
  Inputs: 333265 333951 333952 333953 933904 933905 933906 
  Outputs: 333215 333901 333902 333903 933954 933955 933956 

نهبندان:
  Inputs: 333251 333271 335653 335654 453113 613502 615601 
  Outputs: 333201 333221 335603 335604 453163 613552 615651 

دیهوک:
  Inputs: 333158 333160 333161 333162 333901 334701 453201 
  Outputs: 333108 333110 333111 333112 333951 334751 453251 

سردشت:
  Inputs: 573304 573652 573655 573903 573917 733201 573303 
  Outputs: 573354 573602 573605 573953 573967 733251 573353 

آشخانه:
  Inputs: 323102 323103 323210 323354 323355 323357 323358 
  Outputs: 323152 323153 323260 323304 323305 323307 323308 

بجنورد:
  Inputs: 323105 323151 323152 323153 323154 323260 323269 
  Outputs: 323101 323102 323103 323104 323155 323210 323219 

گناباد:
  Inputs: 315551 315552 315553 315554 333401 334703 334901 
  Outputs: 315501 315502 315503 315504 333451 334753 334951 

فردوس:
  Inputs: 314751 315501 333112 333268 334751 334752 334753 
  Outputs: 314701 315551 333162 333218 334701 334702 334703 

تربتحیدریه:
  Inputs: 313144 313274 313652 313802 313851 313853 313854 
  Outputs: 313194 313224 313602 313801 313803 313804 313852 

حسنآباد:
  Inputs: 113601 114101 733107 733501 733603 113211 163508 
  Outputs: 113651 114151 733157 733551 733653 113261 163558 

شهریار:
  Inputs: 113252 113903 113904 113963 114103 113303 1132523 
  Outputs: 113202 113353 113913 113953 113954 114153 1132123 

دلیجان:
  Inputs: 143104 143130 215101 513551 513555 513604 513801 
  Outputs: 143154 143180 215151 513501 513505 513654 513851 

گرگان:
  Inputs: 873328 973151 973152 973155 973156 973157 973358 
  Outputs: 873378 973101 973102 973105 973106 973107 973308 

سرپلذهاب:
  Inputs: 713551 713553 713556 713701 713702 414251 
  Outputs: 713501 713502 713503 713506 713751 713752 

چادگان:
  Inputs: 215351 364101 364152 773455 215302 215353 
  Outputs: 215301 364102 364151 773405 215303 215352 

سرابله:
  Inputs: 713204 833103 833106 833609 833652 833658 
  Outputs: 713254 833153 833156 833602 833608 833659 

آزادشهر:
  Inputs: 873303 973301 973551 973951 973952 973953 
  Outputs: 873353 973351 973501 973901 973902 973903 

کهنوج:
  Inputs: 454253 454254 454264 453604 454263 454268 
  Outputs: 454204 454214 453654 454203 454213 454218 

کیاسر:
  Inputs: 163101 163106 163110 163111 873228 163109 
  Outputs: 163151 163156 163160 163161 873278 163159 

دیواندره:
  Inputs: 733104 733415 733416 733551 733557 733404 
  Outputs: 733154 733465 733466 733501 733507 733454 

مورچهخورت:
  Inputs: 213103 214259 215102 215153 215158 215165 
  Outputs: 213153 214209 215103 215108 215152 215115 

بوشهر:
  Inputs: 953151 953152 953153 953177 953264 953164 
  Outputs: 953101 953102 953103 953127 953214 953114 

شریفآباد:
  Inputs: 114401 114418 114463 873305 873452 873401 
  Outputs: 114413 114451 114468 873355 873402 873451 

بافق:
  Inputs: 453804 933110 933451 933452 933455 933456 
  Outputs: 453854 933160 933401 933402 933405 933406 

قصرشیرین:
  Inputs: 713501 713752 713753 713755 713756 713759 
  Outputs: 713551 713702 713703 713705 713706 713709 

شازند:
  Inputs: 513105 513403 513701 513704 513754 813503 
  Outputs: 513155 513453 513704 513751 513754 813553 

نور:
  Inputs: 163289 163701 164451 613306 613356 164452 
  Outputs: 163239 163751 164401 164402 613306 613356 

خواف:
  Inputs: 314154 314155 314156 333404 314151 314152 
  Outputs: 314104 314105 314106 333454 314101 314102 

تکاب:
  Inputs: 573451 573452 573802 733302 733507 673403 
  Outputs: 573401 573402 573852 733352 733557 673453 

مرند:
  Inputs: 263702 263714 263753 263754 264502 573507 
  Outputs: 263703 263704 263752 263764 264552 573557 

هرسین:
  Inputs: 713803 713852 714201 714251 714258 813701 
  Outputs: 713802 713853 714201 714208 714251 813751 

تایباد:
  Inputs: 313602 313651 313701 313804 314105 314101 
  Outputs: 313601 313652 313751 313854 314155 314151 

فریمان:
  Inputs: 313104 313178 313302 314851 313172 313220 
  Outputs: 313128 313154 313352 314801 313122 313270 

ارسنجان:
  Inputs: 414252 453701 453702 453755 453757 453802 
  Outputs: 414202 453705 453707 453751 453752 453852 

پاتاوه:
  Inputs: 773508 853102 853105 853214 853401 853453 
  Outputs: 773558 853152 853155 853264 853403 853451 

شوش:
  Inputs: 363203 363229 363302 364251 364253 363103 
  Outputs: 363253 363279 363352 364201 364203 363153 

اردلان:
  Inputs: 673123 933352 933353 933356 933801 933803 
  Outputs: 673173 933302 933303 933306 933851 933853 

آستارا:
  Inputs: 543251 543901 913101 913226 913301 913509 
  Outputs: 543201 543951 913151 913276 913351 913559 

حمیدیه:
  Inputs: 363156 363204 363206 363605 364751 364752 
  Outputs: 363106 363254 363256 363655 364701 364702 

خرمدره:
  Inputs: 673103 673122 673505 673602 673603 673651 
  Outputs: 673153 673172 673555 673601 673652 673653 

بوئینزهرا:
  Inputs: 153201 153252 153257 153271 184201 513611 
  Outputs: 153202 153207 153221 153251 513661 184251 

کوار:
  Inputs: 413101 413106 413161 413702 413751 414302 
  Outputs: 413111 413151 413156 413701 413752 414352 

نجفآباد:
  Inputs: 214511 214702 214712 214751 215103 214501 
  Outputs: 214561 214701 214752 214762 215153 214551 

سربیشه:
  Inputs: 333227 333312 333351 333352 333502 333512 
  Outputs: 333277 333301 333302 333362 333552 333562 

روانسر:
  Inputs: 713104 713158 713451 713452 713456 733802 
  Outputs: 713108 713154 713401 713402 713406 733852 

تاکستان:
  Inputs: 153258 153356 153357 673503 153301 
  Outputs: 153208 153306 153307 673553 153351 153359 

موچش:
  Inputs: 733101 733110 733111 733161 733607 
  Outputs: 733111 733151 733160 733161 733222 733657 

جهرم:
  Inputs: 413701 413752 413765 414309 414602 414614 
  Outputs: 413702 413715 413751 414359 414652 

ماهشهر:
  Inputs: 363653 363655 363656 364406 364455 
  Outputs: 363603 363605 363606 364405 364456 

سورمق:
  Inputs: 410297 413271 413301 413304 933601 
  Outputs: 410247 413221 413351 413354 933651 

تفت:
  Inputs: 933109 933118 933552 933554 933556 
  Outputs: 933159 933168 933502 933504 933506 

دشتک:
  Inputs: 613106 613507 613555 773252 773452 
  Outputs: 613156 613505 613557 773202 773402 

کردکوی:
  Inputs: 163510 973101 973102 973204 973451 
  Outputs: 163560 973151 973152 973254 973401 

سربندر:
  Inputs: 364102 913517 913551 913552 913508 
  Outputs: 364152 913501 913502 913567 913558 

سپیدان:
  Inputs: 413102 413123 413951 853103 853111 
  Outputs: 413152 413173 413901 853153 853161 

میامی:
  Inputs: 313235 323203 873301 873355 873356 
  Outputs: 313285 323253 873305 873306 873351 

بانه:
  Inputs: 573602 733251 733252 733402 733463 
  Outputs: 573652 733201 733202 733413 733452 

خوی:
  Inputs: 573501 573552 573553 573556 573568 
  Outputs: 573502 573503 573506 573518 573551 

گرمی:
  Inputs: 913104 913229 913402 913954 913902 
  Outputs: 913154 913279 913452 913904 913952 

بردسکن:
  Inputs: 314301 315355 315402 315505 333217 
  Outputs: 314351 315305 315452 315555 333267 

زرند:
  Inputs: 453110 453115 453852 453853 453854 
  Outputs: 453160 453165 453802 453803 453804 

چترود:
  Inputs: 453160 453165 453249 453851 453151 
  Outputs: 453110 453115 453299 453801 453101 

چمنبید:
  Inputs: 323208 323304 323307 323352 323359 
  Outputs: 323258 323302 323309 323354 323357 

گیلانغرب:
  Inputs: 713503 713703 713709 714152 714157 
  Outputs: 713553 713753 713759 714102 714107 

پارسیان:
  Inputs: 643111 643352 643357 953617 953653 
  Outputs: 643161 643302 643307 953667 953603 

باغین:
  Inputs: 453103 453256 453294 453601 453751 
  Outputs: 453153 453206 453244 453651 453701 

گناوه:
  Inputs: 953103 953752 953755 953759 953406 
  Outputs: 953153 953702 953705 953709 953456 

راین:
  Inputs: 453111 453152 453161 453649 
  Outputs: 453102 453111 453161 453205 453699 4532101 

کهک:
  Inputs: 141464 141467 143112 613601 873306 
  Outputs: 141414 141417 143162 873356 613651 

چغادک:
  Inputs: 953101 953178 953251 953155 953114 
  Outputs: 953128 953151 953201 953105 953164 

بمپور:
  Inputs: 613203 613214 613255 613270 613803 
  Outputs: 613205 613220 613253 613264 613853 

مسجدسلیمان:
  Inputs: 362163 363230 364651 364652 773202 
  Outputs: 362113 363280 364601 364602 773252 

بیستون:
  Inputs: 713101 713651 713853 714252 713156 
  Outputs: 713151 713601 713803 714202 713106 

حمیل:
  Inputs: 713251 713254 713290 833611 833662 
  Outputs: 713201 713204 713240 833612 833661 

شمال:
  Inputs: 113249 113341 164609 164653 183215 183216 
  Outputs: 113299 113391 164603 183266 

اسالم:
  Inputs: 543903 543952 543954 913601 913602 
  Outputs: 543902 543904 543953 913651 913652 

سفیددشت:
  Inputs: 214503 773103 773354 773356 813111 
  Outputs: 214553 773153 773304 773306 813161 

جلفا:
  Inputs: 263752 263852 263854 263856 574107 
  Outputs: 263702 263802 263804 263806 574157 

نائین:
  Inputs: 214654 214657 933201 214692 213101 
  Outputs: 214607 214642 933251 214604 213151 

گنبد:
  Inputs: 973552 973553 973556 973802 973902 
  Outputs: 973502 973503 973506 973852 973952 

پلدشت:
  Inputs: 263804 574108 574111 574157 574102 
  Outputs: 263854 574107 574158 574161 574152 

پردیس:
  Inputs: 113206 113207 113810 143163 113464 
  Outputs: 113256 113257 113860 143113 113414 

کلاله:
  Inputs: 973506 974203 974251 974252 974253 
  Outputs: 973556 974201 974202 974203 974253 

مشگینشهر:
  Inputs: 263403 913503 913906 913951 913961 
  Outputs: 263453 913553 913901 913911 913956 

پلسیمره:
  Inputs: 813302 833602 833612 833616 833651 
  Outputs: 813352 833601 833652 833662 833666 

صوفیان:
  Inputs: 263101 263112 263764 264551 264552 
  Outputs: 263151 263162 263714 264501 264502 

الیگودرز:
  Inputs: 213651 513404 813451 813452 813502 
  Outputs: 213601 513454 813401 813402 813552 

ماهدشت:
  Inputs: 184206 184252 713103 713157 933614 
  Outputs: 184202 184256 713107 713153 933664 

میناب:
  Inputs: 643227 643252 643802 643857 
  Outputs: 643202 643277 643805 643807 643852 

قلعهگنج:
  Inputs: 454204 454269 454270 613706 
  Outputs: 454219 454220 454254 613756 643282 

رزن:
  Inputs: 153141 753551 753560 753852 
  Outputs: 153191 753501 753510 753802 

پاوه:
  Inputs: 713352 713401 713402 733707 
  Outputs: 713302 713451 713452 733757 

سرعین:
  Inputs: 913103 913228 913107 913113 
  Outputs: 913153 913278 913157 913163 

لواسانات:
  Inputs: 113213 113214 113805 113851 
  Outputs: 113263 113264 113801 113855 

اشتهارد:
  Inputs: 153221 184202 184255 184251 
  Outputs: 153271 184201 184205 184252 

بندرلنگه:
  Inputs: 643161 643301 643354 643901 
  Outputs: 643111 643304 643351 643951 

دیر:
  Inputs: 953102 953352 953655 953662 
  Outputs: 953152 953302 953605 953612 

گندمان:
  Inputs: 773319 773355 773357 773302 
  Outputs: 773305 773307 773369 773352 

ازنا:
  Inputs: 513751 813551 813552 813553 
  Outputs: 513701 813501 813502 813503 

سعادتشهر:
  Inputs: 414202 414819 414851 414852 
  Outputs: 414252 414801 414802 414869 

شلمزار:
  Inputs: 773222 773257 773221 773104 
  Outputs: 773207 773272 773271 773154 

سامان:
  Inputs: 214801 773105 773114 773158 
  Outputs: 214851 773108 773155 773164 

لنگرود:
  Inputs: 143162 543152 543168 544502 
  Outputs: 143112 543102 543118 544552 

مروست:
  Inputs: 933662 933714 934102 413401 
  Outputs: 933612 933764 934152 413451 

میبد:
  Inputs: 933802 933851 933853 933854 
  Outputs: 933801 933803 933804 933852 

امامزادههاشم:
  Inputs: 543151 543234 543282 543655 
  Outputs: 543101 543232 543284 543605 

داراب:
  Inputs: 413851 414108 414151 643501 
  Outputs: 413801 414101 414158 643551 

الشتر:
  Inputs: 813105 813119 813169 813252 
  Outputs: 813119 813155 813169 813202 

جم:
  Inputs: 413157 414310 953602 953654 
  Outputs: 413107 414360 953604 953652 

سمیرم:
  Inputs: 213551 213902 773504 853451 
  Outputs: 213501 213952 773554 853401 

کوهدشت:
  Inputs: 813112 813128 813951 833601 
  Outputs: 813162 813178 813901 833651 

اقلید:
  Inputs: 413221 413651 413656 853108 
  Outputs: 413271 413601 413606 853158 

صفاشهر:
  Inputs: 413352 413354 414802 934108 
  Outputs: 413302 413304 414852 934158 

خدابنده:
  Inputs: 673751 673752 673753 673754 
  Outputs: 673701 673702 673703 673704 

نیریز:
  Inputs: 413503 414551 453903 934103 
  Outputs: 413553 414501 453953 934153 

قرهآغاج:
  Inputs: 913511 913851 913853 913905 
  Outputs: 913561 913801 913803 913955 

هندیجان:
  Inputs: 363606 363657 363677 953801 
  Outputs: 363607 363627 363656 953851 

چالانچولان:
  Inputs: 813102 813154 813209 813602 
  Outputs: 813104 813152 813259 813652 

جمکران:
  Inputs: 143170 143201 143351 143169 
  Outputs: 143120 143251 143301 143119 

دهشیر:
  Inputs: 933502 933506 933555 933603 
  Outputs: 933505 933552 933556 933653 

لردگان:
  Inputs: 363401 773552 773553 773557 
  Outputs: 363451 773502 773503 773507 

دهدز:
  Inputs: 363402 363451 773502 773507 
  Outputs: 363401 363452 773552 773557 

دزفول:
  Inputs: 363314 364201 364501 364508 
  Outputs: 363364 364251 364551 364558 

بیلهسوار:
  Inputs: 913401 913451 913452 913510 
  Outputs: 913401 913402 913451 913560 

درهشهر:
  Inputs: 813305 833304 833352 833355 
  Outputs: 813355 833302 833305 833354 

هرات:
  Inputs: 454104 934151 934152 934153 
  Outputs: 454154 934101 934102 934103 

منجیل:
  Inputs: 543505 543554 543656 673301 
  Outputs: 543504 543555 543606 673351 

طارم:
  Inputs: 543504 673107 673109 673175 
  Outputs: 543554 673125 673157 673159 

بندرامام:
  Inputs: 363105 363603 363678 643356 
  Outputs: 363155 363628 363653 643306 

جوکار:
  Inputs: 753103 753106 753158 753766 
  Outputs: 753108 753153 753156 753716 

ملکشاهی:
  Inputs: 833112 833356 833703 833704 
  Outputs: 833162 833306 833753 833754 

منوجان:
  Inputs: 454214 454219 643604 643651 
  Outputs: 454264 454269 643601 643654 

نیر:
  Inputs: 263501 913158 913201 913225 
  Outputs: 263551 913108 913251 913275 

سرچم:
  Inputs: 263952 673452 913106 913653 
  Outputs: 263902 673402 913156 913603 

کلات:
  Inputs: 313107 313130 314203 313123 
  Outputs: 313157 313180 314253 313173 

کنگان:
  Inputs: 953504 953605 953651 953619 
  Outputs: 953554 953601 953655 953669 

آققلا:
  Inputs: 973106 973153 973201 973852 
  Outputs: 973103 973156 973251 973802 

درگز:
  Inputs: 313910 314251 314252 314253 
  Outputs: 313960 314201 314202 314203 

گلتپه:
  Inputs: 753107 753607 753652 753656 
  Outputs: 753157 753602 753606 753657 

اسفراین:
  Inputs: 314304 323104 323108 323256 
  Outputs: 314354 323154 323158 323206 

تویسرکان:
  Inputs: 713903 753108 753234 753451 
  Outputs: 713953 753158 753284 753401 

نقده:
  Inputs: 574401 574403 574452 574454 
  Outputs: 574402 574404 574451 574453 

مهنه:
  Inputs: 313805 313872 315503 313820 
  Outputs: 313822 313855 315553 313870 

فیضآباد:
  Inputs: 313855 313856 323452 933553 
  Outputs: 313805 313806 323402 933503 

صحنه:
  Inputs: 713801 713802 713808 714202 
  Outputs: 713851 713852 713858 714252 

شادمهر:
  Inputs: 313801 313822 315451 313870 
  Outputs: 313851 313872 315401 313820 

شاهیندژ:
  Inputs: 573852 573853 574308 574302 
  Outputs: 573802 573803 574358 574352 

تربتجام:
  Inputs: 313751 313752 313753 314801 
  Outputs: 313701 313702 313703 314851 

ارزوئیه:
  Inputs: 453301 453311 453352 643129 
  Outputs: 453302 453351 453361 643179 

بستانآباد:
  Inputs: 263157 264402 264453 264465 
  Outputs: 263107 264403 264415 264452 

توره:
  Inputs: 513265 513752 513753 813601 
  Outputs: 513215 513702 513703 813651 

اشنویه:
  Inputs: 573211 574404 574551 573155 
  Outputs: 573261 574454 574501 573105 

کلیبر:
  Inputs: 263402 264751 264752 913507 
  Outputs: 263452 264701 264702 913557 

بابلسر:
  Inputs: 163256 163452 163453 163301 
  Outputs: 163206 163351 163402 163403 

اهرم:
  Inputs: 953128 953252 953253 953402 
  Outputs: 953178 953202 953203 953452 

اسپکه:
  Inputs: 613220 613245 613268 613296 
  Outputs: 613218 613246 613270 613295 

هریس:
  Inputs: 264301 264351 264352 264802 
  Outputs: 264301 264302 264351 264852 

دندی:
  Inputs: 573402 673104 673231 673453 
  Outputs: 573452 673154 673281 673403 

عالیآباد:
  Inputs: 833660 973105 973308 973351 
  Outputs: 833610 973155 973301 973358 

بندرترکمن:
  Inputs: 973251 973252 973254 973255 
  Outputs: 973201 973202 973204 973205 

دهدشت:
  Inputs: 853152 853251 853352 853403 
  Outputs: 853102 853201 853302 

بشاگرد:
  Inputs: 643282 643283 643807 
  Outputs: 643232 643233 643857 

جاجرود:
  Inputs: 113813 113865 113255 
  Outputs: 113815 113863 113205 

رستمآباد:
  Inputs: 543232 543551 543605 
  Outputs: 543282 543501 543655 

قیر:
  Inputs: 413715 414308 414654 
  Outputs: 413765 414358 414604 

ندوشن:
  Inputs: 933117 933261 933804 
  Outputs: 933167 933211 933854 

زهکلوت:
  Inputs: 454202 613221 454265 
  Outputs: 454252 613271 454215 

سروستان:
  Inputs: 413267 413270 414102 
  Outputs: 413217 413220 414152 

بوانات:
  Inputs: 413302 934104 413451 
  Outputs: 413352 934154 413401 

فسا:
  Inputs: 413217 413502 414158 
  Outputs: 413267 413552 414108 

رودبار:
  Inputs: 454252 543501 543555 
  Outputs: 454202 543505 543551 

لاهیجان:
  Inputs: 543451 544551 544552 
  Outputs: 543401 544501 544502 

آستانه:
  Inputs: 543401 543404 543452 
  Outputs: 543402 543451 543454 

اینچهبرون:
  Inputs: 973103 973502 973555 
  Outputs: 973153 973505 973552 

جلگه:
  Inputs: 613222 613264 933407 
  Outputs: 613214 613272 933457 

سرو:
  Inputs: 573153 573156 573709 
  Outputs: 573103 573106 573759 

آبعلی:
  Inputs: 113424 113458 113463 
  Outputs: 113408 113413 113474 

چاهاسماعیل:
  Inputs: 643104 643162 643852 
  Outputs: 643112 643154 643802 

بستک:
  Inputs: 414603 643951 643952 
  Outputs: 414653 643901 643902 

کوچصفهان:
  Inputs: 543110 543153 543454 
  Outputs: 543103 543160 543404 

سنگر:
  Inputs: 543103 543272 543283 
  Outputs: 543153 543222 543233 

سرباز:
  Inputs: 613266 613604 613252 
  Outputs: 613216 613654 613202 

راسک:
  Inputs: 613265 613301 613801 
  Outputs: 613215 613351 613851 

خورموج:
  Inputs: 953201 953554 953555 
  Outputs: 953251 953504 953505 

فراشبند:
  Inputs: 414307 414361 953202 
  Outputs: 414311 414357 953252 

مینودشت:
  Inputs: 973503 973651 973901 
  Outputs: 973553 973951 973601 

پیربازار:
  Inputs: 543109 543162 543231 
  Outputs: 543112 543159 543281 

ایسین:
  Inputs: 643177 643231 643278 
  Outputs: 643127 643228 643281 

بندرپل:
  Inputs: 643107 643126 643176 
  Outputs: 643126 643157 643176 

دلگان:
  Inputs: 613213 613271 613272 
  Outputs: 613221 613222 613263 

خمام:
  Inputs: 543111 543281 543351 
  Outputs: 543161 543231 543301 

ضیابر:
  Inputs: 543112 544151 544301 
  Outputs: 543162 544101 544351 

پونل:
  Inputs: 543953 544101 544155 
  Outputs: 543903 544105 544151 

بزمان:
  Inputs: 613254 613263 613256 
  Outputs: 613204 613213 613206 

نیزار:
  Inputs: 143114 143225 143138 
  Outputs: 143164 143275 143188 

خنداب:
  Inputs: 513101 513151 753724 
  Outputs: 513101 513151 753774 

خوانسار:
  Inputs: 213451 413305 213452 
  Outputs: 213401 413355 213402 

جاسک:
  Inputs: 643166 643202 643277 
  Outputs: 643116 643227 643252 

سیاهکل:
  Inputs: 543222 544501 544651 
  Outputs: 543272 544551 544601 

روعان:
  Inputs: 753110 753501 753901 
  Outputs: 753160 753551 753951 

میانراهان:
  Inputs: 713601 713855 714253 
  Outputs: 713651 713805 714203 

میمه:
  Inputs: 215108 215151 513505 
  Outputs: 215101 215158 513555 

جنگلگلستان:
  Inputs: 323302 323309 973904 
  Outputs: 323352 323359 973954 

سرخس:
  Inputs: 313102 313108 313110 
  Outputs: 313152 313158 313160 

عقدا:
  Inputs: 214607 933251 933303 
  Outputs: 214657 933201 933353 

محمودآباد:
  Inputs: 163205 163401 163751 
  Outputs: 163255 163451 163701 

فولادمحله:
  Inputs: 873106 873107 873278 
  Outputs: 873156 873157 873228 

خور:
  Inputs: 214602 333903 933304 
  Outputs: 214652 333953 933354 

جاجرم:
  Inputs: 323204 323209 323255 
  Outputs: 323205 323254 323259 

پایگاهنوژه:
  Inputs: 753160 753605 753302 
  Outputs: 753110 753655 753352 

راور:
  Inputs: 333110 453251 453801 
  Outputs: 333160 453201 453851 

چابکسر:
  Inputs: 163901 543601 543659 
  Outputs: 163951 543609 543651 

طالقان:
  Inputs: 153403 183113 183223 
  Outputs: 153453 183163 183273 

مبارکه:
  Inputs: 214502 215255 773303 
  Outputs: 214552 215205 773353 

دهمحمد:
  Inputs: 333215 333216 333267 
  Outputs: 333217 333265 333266 

نراق:
  Inputs: 214241 513501 214227 
  Outputs: 214291 513551 214277 

بدره:
  Inputs: 833104 833306 833354 
  Outputs: 833154 833304 833356 

شاهینشهر:
  Inputs: 215152 215154 215115 
  Outputs: 215102 215104 215165 

خواجه:
  Inputs: 263401 264851 264852 
  Outputs: 263451 264801 264802 

گرمه:
  Inputs: 323253 323254 323258 
  Outputs: 323203 323204 323208 

برغان:
  Inputs: 184216 913501 913561 
  Outputs: 184266 913511 913551 

عباسآباد:
  Inputs: 163852 164602 164671 
  Outputs: 163802 164621 164652 

رامسر:
  Inputs: 163801 163951 543609 
  Outputs: 163851 163901 543659 

شیروان:
  Inputs: 323101 323155 323552 
  Outputs: 323105 323151 323502 

تنکابن:
  Inputs: 163802 163851 163861 
  Outputs: 163801 163811 163852 

کاشمر:
  Inputs: 315401 315452 315702 
  Outputs: 315402 315451 315752 

چرام:
  Inputs: 853201 853306 853310 
  Outputs: 853251 853356 853360 

فریدونکنار:
  Inputs: 163402 163451 163454 
  Outputs: 163401 163404 163452 

بابامیدان:
  Inputs: 853101 853301 853311 
  Outputs: 853151 853351 853361 

فاروج:
  Inputs: 313909 323502 323551 
  Outputs: 313959 323501 323552 

کبودرآهنگ:
  Inputs: 753654 753655 753657 
  Outputs: 753604 753605 753607 

گلوگاه:
  Inputs: 163501 163560 973401 
  Outputs: 163510 163551 973451 

منصورآباد:
  Inputs: 333222 613154 613101 
  Outputs: 333272 613104 613151 

ملکان:
  Inputs: 264202 264253 574303 
  Outputs: 264203 264252 574353 

بناب:
  Inputs: 263602 264251 264252 
  Outputs: 263652 264201 264202 

زیارتعلی:
  Inputs: 643602 643653 454216 
  Outputs: 643603 643652 454266 

گتوند:
  Inputs: 364502 364509 364552 
  Outputs: 364502 364552 364559 

هفتگل:
  Inputs: 364451 364453 364510 
  Outputs: 364401 364403 364560 

فرودگاه:
  Inputs: 673108 213114 453611 
  Outputs: 673158 213164 453661 

تسوج:
  Inputs: 264503 264554 573701 
  Outputs: 264504 264553 573751 

قیدار:
  Inputs: 673173 673174 733304 
  Outputs: 673123 673124 733354 

هشتگرد:
  Inputs: 183273 263603 263651 
  Outputs: 183223 263601 263653 

ایزدخواست:
  Inputs: 213921 413202 213904 
  Outputs: 213971 413252 213954 

سراب:
  Inputs: 263551 264452 913108 
  Outputs: 263501 264402 913158 

آغاجاری:
  Inputs: 363703 364402 364701 
  Outputs: 363753 364452 364751 

پارسآباد:
  Inputs: 913405 913567 913558 
  Outputs: 913455 913517 913508 

چلگرد:
  Inputs: 773401 773405 215303 
  Outputs: 773451 773455 215353 

بندرامامخمینی:
  Inputs: 363651 363654 363252 
  Outputs: 363601 363604 363202 

کوزران:
  Inputs: 713105 713159 713160 
  Outputs: 713109 713110 713155 

خرمدشت:
  Inputs: 153307 153353 153360 
  Outputs: 153303 153310 153357 

اصلاندوز:
  Inputs: 264703 913502 913557 
  Outputs: 264753 913507 913552 

نوشهر:
  Inputs: 164401 164402 164551 
  Outputs: 164451 164452 164501 

خوسف:
  Inputs: 333232 333277 333226 
  Outputs: 333227 333282 333276 

گوشکی:
  Inputs: 773307 773503 773551 
  Outputs: 773357 773501 773553 

قزانچی:
  Inputs: 713102 713154 713272 
  Outputs: 713104 713152 713222 

باغملک:
  Inputs: 363551 364401 364404 
  Outputs: 363501 364451 364454 

آوج:
  Inputs: 153191 153303 753802 
  Outputs: 153141 153353 753852 

ملاثانی:
  Inputs: 363104 363114 363280 
  Outputs: 363154 363164 363230 

سوسنگرد:
  Inputs: 363106 364352 364353 
  Outputs: 363156 364302 364303 

رامهرمز:
  Inputs: 363157 364452 364454 
  Outputs: 363107 364402 364404 

زرینرود:
  Inputs: 673702 673755 753601 
  Outputs: 673705 673752 753651 

جویبار:
  Inputs: 164351 163105 
  Outputs: 163287 164301 163155 

ثلاثباباجانی:
  Inputs: 713404 713455 
  Outputs: 713405 713454 414251 

راهجرد:
  Inputs: 143110 513216 
  Outputs: 143175 513266 143160 

شیرینسو:
  Inputs: 753604 753651 
  Outputs: 753601 753654 

خوزستان:
  Inputs: 773270 953753 
  Outputs: 773220 953703 

بهار:
  Inputs: 753202 753452 
  Outputs: 753252 753402 

فامنین:
  Inputs: 753159 753951 
  Outputs: 753109 753901 

تنگراه:
  Inputs: 973954 974201 
  Outputs: 973904 974251 

عنبرآباد:
  Inputs: 454222 453669 
  Outputs: 454272 453619 

خویدک:
  Inputs: 933108 933260 
  Outputs: 933158 933210 

دورهچگنی:
  Inputs: 813110 813178 
  Outputs: 813128 813160 

زانوگه:
  Inputs: 813352 813901 
  Outputs: 813302 813951 

کیاشهر:
  Inputs: 543402 543403 
  Outputs: 543452 543453 

لوشان:
  Inputs: 543552 543606 
  Outputs: 543502 543656 

دورود:
  Inputs: 813104 813501 
  Outputs: 813154 813551 

مالخلیفه:
  Inputs: 773501 773554 
  Outputs: 773504 773551 

کلاچای:
  Inputs: 543602 543651 
  Outputs: 543601 543652 

تالش:
  Inputs: 543904 543951 
  Outputs: 543901 543954 

املش:
  Inputs: 544701 543751 
  Outputs: 544751 543701 

بادرود:
  Inputs: 214211 214254 
  Outputs: 214204 214261 

اشترینان:
  Inputs: 813603 813660 
  Outputs: 813610 813653 

حسنرود:
  Inputs: 543310 543453 
  Outputs: 543360 543403 

فرخشهر:
  Inputs: 773206 773271 
  Outputs: 773256 773221 

اسلامشهر:
  Inputs: 113352 113701 
  Outputs: 113302 113751 

ناغان:
  Inputs: 773207 773253 
  Outputs: 773203 773257 

دهق:
  Inputs: 214761 214759 
  Outputs: 214711 214709 

فارسان:
  Inputs: 773111 773451 
  Outputs: 773161 773401 

جونقان:
  Inputs: 773110 773160 
  Outputs: 773110 773160 

راژان:
  Inputs: 573201 573277 
  Outputs: 573227 573251 

نهرابی:
  Inputs: 713108 713110 
  Outputs: 713158 713160 

جوانرود:
  Inputs: 713403 713454 
  Outputs: 713404 713453 

شیخصله:
  Inputs: 713354 713405 
  Outputs: 713304 713455 

لیردف:
  Inputs: 643116 613304 
  Outputs: 613354 643166 

چشمهعلی:
  Inputs: 873157 873204 
  Outputs: 873107 873254 

زهک:
  Inputs: 613510 613559 
  Outputs: 613509 613560 

هیرمند:
  Inputs: 613512 613506 
  Outputs: 613562 613556 

معلمان:
  Inputs: 873203 873357 
  Outputs: 873253 873307 

نوسود:
  Inputs: 713302 713351 
  Outputs: 713301 713352 

دشتامام:
  Inputs: 643106 643127 
  Outputs: 643156 643177 

دالاهو:
  Inputs: 713202 713751 
  Outputs: 713252 713701 

فنوج:
  Inputs: 613295 613756 
  Outputs: 613245 613706 

جعفرآباد:
  Inputs: 913455 913560 
  Outputs: 913405 913510 

خونسرخ:
  Inputs: 643128 643180 
  Outputs: 643130 643178 

باباغلام:
  Inputs: 643194 643195 
  Outputs: 643144 643145 

سلطانیه:
  Inputs: 673502 673704 
  Outputs: 673552 673754 

نیکپی:
  Inputs: 673160 673410 
  Outputs: 673110 673460 

درگهان:
  Inputs: 643146 643701 
  Outputs: 643196 643751 

چارک:
  Inputs: 643304 643353 
  Outputs: 643303 643354 

چهوو:
  Inputs: 643305 643306 
  Outputs: 643355 643356 

دهبارز:
  Inputs: 643601 643654 
  Outputs: 643604 643651 

شوط:
  Inputs: 574112 574162 
  Outputs: 574112 574162 

آبدانان:
  Inputs: 833305 833453 
  Outputs: 833355 833403 

سروآباد:
  Inputs: 733228 733708 
  Outputs: 733278 733758 

شباب:
  Inputs: 833659 833661 
  Outputs: 833609 833611 

چالدران:
  Inputs: 573506 573517 
  Outputs: 573556 573567 

آذر:
  Inputs: 833756 833761 
  Outputs: 833706 833711 

قرهضیاالدین:
  Inputs: 573518 573567 
  Outputs: 573517 573568 

سومار:
  Inputs: 714107 833211 
  Outputs: 714157 833261 

محمدیار:
  Inputs: 573916 574451 
  Outputs: 573966 574401 

بازرگان:
  Inputs: 574151 574156 
  Outputs: 574101 574106 

مرگنلر:
  Inputs: 574161 574152 
  Outputs: 574111 574102 

چوار:
  Inputs: 833151 833222 
  Outputs: 833101 833272 

میرجاوه:
  Inputs: 613102 613410 
  Outputs: 613152 613460 

ترمینالبرکت:
  Inputs: 833706 833707 
  Outputs: 833756 833757 

سرخه:
  Inputs: 873105 873151 
  Outputs: 873101 873155 

مهدیشهر:
  Inputs: 873102 873165 
  Outputs: 873115 873152 

جکیگور:
  Inputs: 613267 613852 
  Outputs: 613217 613802 

قصرقند:
  Inputs: 613217 613703 
  Outputs: 613267 613753 

شهمیرزاد:
  Inputs: 873115 873156 
  Outputs: 873106 873165 

دلوار:
  Inputs: 953127 953203 
  Outputs: 953177 953253 

عالیشهر:
  Inputs: 953165 953176 
  Outputs: 953115 953126 

نگار:
  Inputs: 453454 453456 
  Outputs: 453404 453406 

رشتخوار:
  Inputs: 313803 314104 
  Outputs: 313853 314154 

قاین:
  Inputs: 333230 333458 
  Outputs: 333280 333408 

رابر:
  Inputs: 453353 453363 
  Outputs: 453303 453313 

دشتخاک:
  Inputs: 453364 453803 
  Outputs: 453314 453853 

کوهبنان:
  Inputs: 453314 933715 
  Outputs: 453364 933765 

استهبان:
  Inputs: 413552 413553 
  Outputs: 413502 413503 

میگون:
  Inputs: 113802 113803 
  Outputs: 113852 113853 

فشم:
  Inputs: 113801 113852 
  Outputs: 113802 113851 

بردسیر:
  Inputs: 453451 453651 
  Outputs: 453401 453601 

ایرج:
  Inputs: 323158 323207 
  Outputs: 323108 323257 

بهرامجرد:
  Inputs: 453404 453405 
  Outputs: 453454 453455 

رباطکریم:
  Inputs: 113651 114153 
  Outputs: 113601 114103 

شوسف:
  Inputs: 333362 335603 
  Outputs: 333312 335653 

دهبکری:
  Inputs: 453407 453603 
  Outputs: 453457 453653 

پلور:
  Inputs: 113408 113413 
  Outputs: 113458 113463 

فهرج:
  Inputs: 453459 453503 
  Outputs: 453409 453553 

سجزی:
  Inputs: 213219 214642 
  Outputs: 213269 214692 

آبسرد:
  Inputs: 113451 873415 
  Outputs: 113401 873465 

شهرآباد:
  Inputs: 323308 114301 
  Outputs: 323358 114351 

گراش:
  Inputs: 414605 414656 
  Outputs: 414606 414655 

عربآباد:
  Inputs: 333108 333501 
  Outputs: 333158 333551 

اوز:
  Inputs: 414606 414608 
  Outputs: 414656 414658 

کلارآباد:
  Inputs: 163810 164652 
  Outputs: 163860 164602 

مهر:
  Inputs: 414701 414752 
  Outputs: 414702 414751 

ورامین:
  Inputs: 114354 114351 
  Outputs: 114304 114301 

گلهدار:
  Inputs: 414702 414753 
  Outputs: 414703 414752 

بهشهر:
  Inputs: 163551 164701 
  Outputs: 163501 164751 

بشرویه:
  Inputs: 333266 333273 
  Outputs: 333216 333223 

مرزیزدان:
  Inputs: 333403 613355 
  Outputs: 333453 613305 

شهداد:
  Inputs: 333221 453163 
  Outputs: 333271 453113 

خنج:
  Inputs: 414604 414658 
  Outputs: 414608 414654 

جوپار:
  Inputs: 453244 453154 
  Outputs: 453104 453294 

اسدیه:
  Inputs: 333274 333504 
  Outputs: 333224 333554 

كرج:
  Inputs: 184256 
  Outputs: 183268 184206 183269 

سنخواست:
  Inputs: 323257 323259 
  Outputs: 323207 323209 

امیرآباد:
  Inputs: 323205 573967 
  Outputs: 323255 573917 

ملارد:
  Inputs: 113913 113959 
  Outputs: 113909 113963 

عجبشیر:
  Inputs: 263201 264201 
  Outputs: 263251 264251 

نکا:
  Inputs: 164751 163103 
  Outputs: 163153 164701 

کمیجان:
  Inputs: 513267 753310 
  Outputs: 513217 753360 

جندق:
  Inputs: 214603 873307 
  Outputs: 214653 873357 

محلات:
  Inputs: 513402 513851 
  Outputs: 513452 513801 

رودسر:
  Inputs: 543102 543652 
  Outputs: 543152 543602 

دانسفهان:
  Inputs: 153207 153208 
  Outputs: 153257 153258 

پاکدشت:
  Inputs: 113209 114451 
  Outputs: 113259 114401 

ایلخچی:
  Inputs: 263110 263152 
  Outputs: 263102 263160 

پلزال:
  Inputs: 363301 363304 
  Outputs: 363351 363354 

صومعهسرا:
  Inputs: 543119 544309 
  Outputs: 543169 544359 

لالی:
  Inputs: 364603 364653 
  Outputs: 364603 364653 

رامشیر:
  Inputs: 364405 364456 
  Outputs: 364406 364455 

آذرشهر:
  Inputs: 263102 263251 
  Outputs: 263152 263201 

جیرده:
  Inputs: 543235 543221 
  Outputs: 543285 543271 

انزلی:
  Inputs: 543301 543352 
  Outputs: 543302 543351 

جزیرهاسلامی:
  Inputs: 263103 573202 
  Outputs: 263153 573252 

بهارستان:
  Inputs: 213228 214691 
  Outputs: 213278 214641 

اراك:
  Inputs: 513160 513161 
  Outputs: 513110 513111 

قائمیه:
  Inputs: 413109 414902 
  Outputs: 413159 414952 

ورزقان:
  Inputs: 263405 264801 
  Outputs: 263455 264851 

ایذه:
  Inputs: 363452 363501 
  Outputs: 363402 363551 

آباده:
  Inputs: 413252 413351 
  Outputs: 413202 413301 

بهنمیر:
  Inputs: 163287 163403 
  Outputs: 163237 163453 

دهاقان:
  Inputs: 213918 213960 
  Outputs: 213968 213910 

جعفریه:
  Inputs: 143134 149905 
  Outputs: 143184 149955 

سرچشمه:
  Inputs: 453707 454157 
  Outputs: 453757 454107 

چمستان:
  Inputs: 163239 163288 
  Outputs: 163238 163289 

مراغه:
  Inputs: 263601 263652 
  Outputs: 263602 263651 

شبستر:
  Inputs: 264501 264553 
  Outputs: 264503 264551 

نوق:
  Inputs: 453705 933401 
  Outputs: 453755 933451 

سیرچ:
  Inputs: 453203 453408 
  Outputs: 453458 

بهرامآباد:
  Inputs: 153140 
  Outputs: 153190 

رباطپشتبادام:
  Inputs: 933354 
  Outputs: 933304 

طرود:
  Inputs: 873329 
  Outputs: 873379 

بسطام:
  Inputs: 873327 
  Outputs: 873377 

پایانهبرکت:
  Inputs: 833711 
  Outputs: 833761 

دابودشت:
  Inputs: 163404 
  Outputs: 163454 

چیتاپ:
  Inputs: 853404 
  Outputs: 853454 

ضیاآباد:
  Inputs: 153310 
  Outputs: 153360 

زیاران:
  Inputs: 153402 
  Outputs: 153452 

گنجافروز:
  Inputs: 163323 
  Outputs: 163373 

سیسخت:
  Inputs: 853107 
  Outputs: 853157 

کیاکلا:
  Inputs: 163305 
  Outputs: 163355 

بهمئی:
  Inputs: 853265 
  Outputs: 853215 

زرگرشهر:
  Inputs: 163206 
  Outputs: 163256 

گتاب:
  Inputs: 163254 
  Outputs: 163204 

باشت:
  Inputs: 853356 
  Outputs: 853306 

بلداجی:
  Inputs: 773305 
  Outputs: 773355 

دامنه:
  Inputs: 213401 
  Outputs: 213451 

ازونبلاغ:
  Inputs: 213751 
  Outputs: 213701 

فریدونشهر:
  Inputs: 213701 
  Outputs: 213751 

هرند:
  Inputs: 213903 
  Outputs: 213953 

قرح:
  Inputs: 773558 
  Outputs: 773508 

بهشتآباد:
  Inputs: 773402 
  Outputs: 773452 

قمصر:
  Inputs: 214260 
  Outputs: 214210 

مشهداردهال:
  Inputs: 214240 
  Outputs: 214290 

فلاورجان:
  Inputs: 213229 
  Outputs: 213279 

کیان:
  Inputs: 773220 
  Outputs: 773270 

نیكآباد:
  Inputs: 214641 
  Outputs: 214691 

خمینیشهر:
  Inputs: 214752 
  Outputs: 214702 

طالخونچه:
  Inputs: 215201 
  Outputs: 215251 

سدکارون4:
  Inputs: 773203 
  Outputs: 773253 

یاسهچای:
  Inputs: 773113 
  Outputs: 773163 

صادقآباد:
  Inputs: 773163 
  Outputs: 773113 

بن:
  Inputs: 773162 
  Outputs: 773112 

مرزمهران:
  Inputs: 833105 
  Outputs: 833155 

دوهزار:
  Inputs: 163811 
  Outputs: 163861 

کلاردشت:
  Inputs: 164621 
  Outputs: 164671 

چهارمله:
  Inputs: 833608 
  Outputs: 833658 

توحید:
  Inputs: 833654 
  Outputs: 833604 

کاور:
  Inputs: 833553 
  Outputs: 833503 

مورموری:
  Inputs: 833403 
  Outputs: 833453 

زرنه:
  Inputs: 833261 
  Outputs: 833211 

گچسر:
  Inputs: 184257 
  Outputs: 184207 

لومار:
  Inputs: 833610 
  Outputs: 833660 

دیزین:
  Inputs: 184207 
  Outputs: 184257 

آتشگاه:
  Inputs: 184208 
  Outputs: 184258 

کردان:
  Inputs: 184266 
  Outputs: 184216 

زیار:
  Inputs: 213106 
  Outputs: 213156 

رامشه:
  Inputs: 213251 
  Outputs: 213201 

بابازید:
  Inputs: 813304 
  Outputs: 813354 

نایین:
  Inputs: 213202 
  Outputs: 213252 

یساقی:
  Inputs: 973202 
  Outputs: 973252 

دیزیچه:
  Inputs: 214521 
  Outputs: 214571 

فولادشهر:
  Inputs: 214571 
  Outputs: 214521 

موته:
  Inputs: 214402 
  Outputs: 214452 

آدران:
  Inputs: 113353 
  Outputs: 113303 

پیربکران:
  Inputs: 213801 
  Outputs: 213851 

ابریشم:
  Inputs: 213851 
  Outputs: 213801 

مراوهتپه:
  Inputs: 974202 
  Outputs: 974252 

گالیکش:
  Inputs: 973601 
  Outputs: 973651 

مرزپل:
  Inputs: 973505 
  Outputs: 973555 

گدوک:
  Inputs: 113501 
  Outputs: 113551 

امامزادهداوود:
  Inputs: 113262 
  Outputs: 113212 

لتیان:
  Inputs: 113815 
  Outputs: 113865 

نظرآقا:
  Inputs: 953711 
  Outputs: 953761 

بندرگناوه:
  Inputs: 953710 
  Outputs: 953760 

بندرریگ:
  Inputs: 953760 
  Outputs: 953710 

سیاهمکان:
  Inputs: 953705 
  Outputs: 953755 

وحدتیه:
  Inputs: 953704 
  Outputs: 953754 

سیراف:
  Inputs: 953611 
  Outputs: 953661 

بندرسیراف:
  Inputs: 953652 
  Outputs: 953602 

درازی:
  Inputs: 953505 
  Outputs: 953555 

محمدشهر:
  Inputs: 184203 
  Outputs: 184253 

درونه:
  Inputs: 315354 
  Outputs: 315304 

زاغمرز:
  Inputs: 163558 
  Outputs: 163508 

دوراهک:
  Inputs: 953669 
  Outputs: 953619 

باسمنج:
  Inputs: 263286 
  Outputs: 263236 

نائين:
  Inputs: 213205 
  Outputs: 213255 

سپاهانشهر:
  Inputs: 213255 
  Outputs: 213205 

:
  Inputs: 153139 153189 
  Outputs: 

آزادگان:
  Inputs: 113751 
  Outputs: 113701 

نوکآباد:
  Inputs: 613411 
  Outputs: 613461 

ابیانه:
  Inputs: 214905 
  Outputs: 214955 

ابپخش:
  Inputs: 953418 
  Outputs: 953468 

شمشک:
  Inputs: 113853 
  Outputs: 113803 

بومهن:
  Inputs: 113205 
  Outputs: 113255 

گمیشان:
  Inputs: 973205 
  Outputs: 973255 

مرزپیشین:
  Inputs: 613851 
  Outputs: 613801 

محمدآبادریگان:
  Inputs: 613206 
  Outputs: 613256 

کلانکلایه:
  Inputs: 543701 
  Outputs: 543751 

بلوک:
  Inputs: 454267 
  Outputs: 454217 

مردهک:
  Inputs: 453619 
  Outputs: 453669 

درببهشت:
  Inputs: 453662 
  Outputs: 453612 

دستجرد:
  Inputs: 143203 
  Outputs: 143253 

سانیج:
  Inputs: 933503 
  Outputs: 933553 

فوجرد:
  Inputs: 143172 
  Outputs: 143122 

آسفیج:
  Inputs: 933404 
  Outputs: 933454 

چادرملو:
  Inputs: 933403 
  Outputs: 933453 

هامانه:
  Inputs: 933306 
  Outputs: 933356 

باشماق:
  Inputs: 733701 
  Outputs: 733751 

چوپانان:
  Inputs: 933302 
  Outputs: 933352 

عسکریه:
  Inputs: 933210 
  Outputs: 933260 

تفرش:
  Inputs: 143122 
  Outputs: 143172 

خرانق:
  Inputs: 933115 
  Outputs: 933165 

دهبالا:
  Inputs: 933504 
  Outputs: 933554 

فولادآلیاژی:
  Inputs: 933107 
  Outputs: 933157 

زارچ:
  Inputs: 933105 
  Outputs: 933155 

کنگرلو:
  Inputs: 913911 
  Outputs: 913961 

انگوت:
  Inputs: 913801 
  Outputs: 913851 

کوثر:
  Inputs: 913607 
  Outputs: 913657 

قمرود:
  Inputs: 143262 
  Outputs: 143212 

کوهسفید:
  Inputs: 143212 
  Outputs: 143262 

کوهخضر:
  Inputs: 143301 
  Outputs: 143351 

معلمکلایه:
  Inputs: 153123 
  Outputs: 153173 

پیشوا:
  Inputs: 114468 
  Outputs: 114418 

تنگارم:
  Inputs: 953408 
  Outputs: 953458 

بنداروز:
  Inputs: 953403 
  Outputs: 953453 

کلمه:
  Inputs: 953453 
  Outputs: 953403 

بردخونکهنه:
  Inputs: 953302 
  Outputs: 953352 

صفادشت:
  Inputs: 113909 
  Outputs: 113959 

وردآورد:
  Inputs: 114206 
  Outputs: 114256 

ری:
  Inputs: 114352 
  Outputs: 114302 

تنگکسوم:
  Inputs: 953126 
  Outputs: 953176 

نیروگاهاتمی:
  Inputs: 953115 
  Outputs: 953165 

قرچک:
  Inputs: 114302 
  Outputs: 114352 

آبیبیگلو:
  Inputs: 913203 
  Outputs: 913253 

بیدهند:
  Inputs: 141414 
  Outputs: 141464 

تاجخاتون:
  Inputs: 141415 
  Outputs: 141465 

هرابرجان:
  Inputs: 934154 
  Outputs: 934104 

ولیعصر:
  Inputs: 141417 
  Outputs: 141467 

کنجکوه:
  Inputs: 933704 
  Outputs: 933754 

منشاد:
  Inputs: 933703 
  Outputs: 933753 

خاتم:
  Inputs: 933701 
  Outputs: 933751 

جرقوییه:
  Inputs: 933613 
  Outputs: 933663 

قنوات:
  Inputs: 143111 
  Outputs: 143161 

ایرندگان:
  Inputs: 613243 
  Outputs: 613293 

کارواندر:
  Inputs: 613414 
  Outputs: 613464 

دارالمیزان:
  Inputs: 414703 
  Outputs: 414753 

گواتر:
  Inputs: 613307 
  Outputs: 613357 

کنارک:
  Inputs: 613352 
  Outputs: 613302 

احشام:
  Inputs: 414705 
  Outputs: 414755 

درک:
  Inputs: 613248 
  Outputs: 613298 

بندرتنگ:
  Inputs: 613247 
  Outputs: 613297 

مومان:
  Inputs: 613297 
  Outputs: 613247 

كرمان:
  Inputs: 453112 
  Outputs: 453154 

مرزمیلک:
  Inputs: 613509 
  Outputs: 613559 

کوهپایه:
  Inputs: 453114 
  Outputs: 453164 

چشمهزیارت:
  Inputs: 613237 
  Outputs: 613287 

پایانهمرزیمیرجاوه:
  Inputs: 613227 
  Outputs: 613277 

چانف:
  Inputs: 613218 
  Outputs: 613268 

اختیارآباد:
  Inputs: 453245 
  Outputs: 453295 

زنگیآباد:
  Inputs: 453246 
  Outputs: 453296 

مورتان:
  Inputs: 613216 
  Outputs: 613266 

هوتک:
  Inputs: 453247 
  Outputs: 453297 

وکیلآباد:
  Inputs: 453302 
  Outputs: 453352 

بندرشیرینو:
  Inputs: 414112 
  Outputs: 414162 

هارونی:
  Inputs: 773159 
  Outputs: 773109 

خاوران:
  Inputs: 413220 
  Outputs: 413270 

قشم:
  Inputs: 643196 
  Outputs: 643146 

هورمودر:
  Inputs: 643145 
  Outputs: 643195 

قادرآباد:
  Inputs: 413355 
  Outputs: 413305 

اسکلهشهیدرجایی:
  Inputs: 643130 
  Outputs: 643180 

گچین:
  Inputs: 643178 
  Outputs: 643128 

زریندشت:
  Inputs: 414101 
  Outputs: 414151 

چاهکبکان:
  Inputs: 414162 
  Outputs: 414112 

گلمورتی:
  Inputs: 613205 
  Outputs: 613255 

خانزنیان:
  Inputs: 414165 
  Outputs: 414115 

قلات:
  Inputs: 414115 
  Outputs: 414165 

میمند:
  Inputs: 414359 
  Outputs: 414309 

بندررجائی:
  Inputs: 643105 
  Outputs: 643155 

بندرشهیدرجایی:
  Inputs: 643101 
  Outputs: 643151 

راسك:
  Inputs: 613802 
  Outputs: 613852 

بنت:
  Inputs: 613705 
  Outputs: 613755 

سوران:
  Inputs: 613606 
  Outputs: 613656 

دوستمحمد:
  Inputs: 613566 
  Outputs: 613516 

دیلمان:
  Inputs: 544601 
  Outputs: 544651 

گلمان:
  Inputs: 573224 
  Outputs: 573274 

امامزاده:
  Inputs: 573223 
  Outputs: 573273 

بند:
  Inputs: 573222 
  Outputs: 573272 

فرمهین:
  Inputs: 513111 
  Outputs: 513161 

آشتیان:
  Inputs: 513266 
  Outputs: 513216 

مرزسرو:
  Inputs: 573106 
  Outputs: 573156 

ملاسرا:
  Inputs: 543167 
  Outputs: 543117 

شفت:
  Inputs: 543117 
  Outputs: 543167 

شلمان:
  Inputs: 544751 
  Outputs: 544701 

انهر:
  Inputs: 573226 
  Outputs: 573276 

ماسوله:
  Inputs: 544307 
  Outputs: 544357 

بازارجمعه:
  Inputs: 544251 
  Outputs: 544201 

چمخاله:
  Inputs: 543118 
  Outputs: 543168 

طاهرگوراب:
  Inputs: 543169 
  Outputs: 543119 

گورابجیر:
  Inputs: 543170 
  Outputs: 543120 

منطقهآزاد:
  Inputs: 543120 
  Outputs: 543170 

لاکان:
  Inputs: 543220 
  Outputs: 543270 

شاقاجی:
  Inputs: 543284 
  Outputs: 543234 

رضوانشهر:
  Inputs: 543302 
  Outputs: 543352 

مرزجلفا:
  Inputs: 573603 
  Outputs: 573653 

ریحانشهر:
  Inputs: 453365 
  Outputs: 453315 

هجدك:
  Inputs: 453315 
  Outputs: 453365 

حیدرآباد:
  Inputs: 574453 
  Outputs: 574403 

باروق:
  Inputs: 574309 
  Outputs: 574359 

یولاگلدی:
  Inputs: 574158 
  Outputs: 574108 

دشتکار:
  Inputs: 453406 
  Outputs: 453456 

درگهسنگ:
  Inputs: 573966 
  Outputs: 573916 

گلباف:
  Inputs: 453458 
  Outputs: 453408 

مرزکیله:
  Inputs: 573605 
  Outputs: 573655 

کهورستان:
  Inputs: 643228 
  Outputs: 643278 

نرمانشیر:
  Inputs: 453553 
  Outputs: 453503 

ریگان:
  Inputs: 453568 
  Outputs: 453518 

تازهشهر:
  Inputs: 573504 
  Outputs: 573554 

قطور:
  Inputs: 573503 
  Outputs: 573553 

پاریز:
  Inputs: 453931 
  Outputs: 453981 

جوزم:
  Inputs: 454103 
  Outputs: 454153 

رودان:
  Inputs: 454203 
  Outputs: 454253 

مرزتمرچین:
  Inputs: 573301 
  Outputs: 573351 

زیوه:
  Inputs: 573227 
  Outputs: 573277 

پایانهمرزیدوغارون:
  Inputs: 313601 
  Outputs: 313651 

حسنآبادیاسوکند:
  Inputs: 733306 
  Outputs: 733356 

بابارشانی:
  Inputs: 733355 
  Outputs: 733305 

جانانلو:
  Inputs: 264701 
  Outputs: 264751 

سیرانبند:
  Inputs: 733202 
  Outputs: 733252 

عاشقلو:
  Inputs: 264702 
  Outputs: 264752 

اسکانلو:
  Inputs: 264753 
  Outputs: 264703 

سدکارده:
  Inputs: 313106 
  Outputs: 313156 

شاندیز:
  Inputs: 313111 
  Outputs: 313161 

سرمست:
  Inputs: 714102 
  Outputs: 714152 

سریشآباد:
  Inputs: 733605 
  Outputs: 733655 

باخرز:
  Inputs: 313702 
  Outputs: 313752 

باجگیران:
  Inputs: 313911 
  Outputs: 313961 

خسروی:
  Inputs: 713706 
  Outputs: 713756 

پایانهمرزیخسروی:
  Inputs: 713705 
  Outputs: 713755 

لطفآباد:
  Inputs: 314202 
  Outputs: 314252 

ریجاب:
  Inputs: 713506 
  Outputs: 713556 

شوقان:
  Inputs: 323219 
  Outputs: 323269 

پیشقلعه:
  Inputs: 323276 
  Outputs: 323226 

رازجرگلان:
  Inputs: 323305 
  Outputs: 323355 

سهند:
  Inputs: 263351 
  Outputs: 263301 

نافچ:
  Inputs: 773107 
  Outputs: 773157 

فیروزان:
  Inputs: 753810 
  Outputs: 753860 

شوشاب:
  Inputs: 753805 
  Outputs: 753855 

علیصدر:
  Inputs: 753606 
  Outputs: 753656 

اسپران:
  Inputs: 263106 
  Outputs: 263156 

دمق:
  Inputs: 753510 
  Outputs: 753560 

لالهجین:
  Inputs: 753402 
  Outputs: 753452 

داشبلاغ:
  Inputs: 753309 
  Outputs: 753359 

غارعلیصدر:
  Inputs: 753233 
  Outputs: 753283 

راز:
  Inputs: 323226 
  Outputs: 323276 

نوبران:
  Inputs: 753112 
  Outputs: 753162 

کرفس:
  Inputs: 753162 
  Outputs: 753112 

هوراند:
  Inputs: 263404 
  Outputs: 263454 

پل123:
  Inputs: 753109 
  Outputs: 753159 

قرهچمن:
  Inputs: 263653 
  Outputs: 263603 

نوردوز:
  Inputs: 263802 
  Outputs: 263852 

پالنگان:
  Inputs: 733901 
  Outputs: 733951 

بندرانزلی:
  Inputs: 543360 
  Outputs: 543310 

سیاخدارنگون:
  Inputs: 413151 
  Outputs: 413101 

نیکوئیه:
  Inputs: 673127 
  Outputs: 673177 

الوان:
  Inputs: 364252 
  Outputs: 364202 

چنانه:
  Inputs: 364203 
  Outputs: 364253 

چزابه:
  Inputs: 364351 
  Outputs: 364301 

هویزه:
  Inputs: 364303 
  Outputs: 364353 

هشتبندی:
  Inputs: 643856 
  Outputs: 643806 

لافت:
  Inputs: 643751 
  Outputs: 643701 

زیارتپیرچوگان:
  Inputs: 643605 
  Outputs: 643655 

رهدار:
  Inputs: 643655 
  Outputs: 643605 

گیلوان:
  Inputs: 673351 
  Outputs: 673301 

گهکم:
  Inputs: 643554 
  Outputs: 643504 

گهگم:
  Inputs: 643551 
  Outputs: 643501 

بندربستانو:
  Inputs: 643307 
  Outputs: 643357 

خرامه:
  Inputs: 413108 
  Outputs: 413158 

بندرچارک:
  Inputs: 643303 
  Outputs: 643353 

دشتارژن:
  Inputs: 413159 
  Outputs: 413109 

بندرخمیر:
  Inputs: 643351 
  Outputs: 643301 

سندرک:
  Inputs: 643233 
  Outputs: 643283 

عینالکش:
  Inputs: 713111 
  Outputs: 713161 

بیاشوش:
  Inputs: 713453 
  Outputs: 713403 

پایانهشیخصله:
  Inputs: 713304 
  Outputs: 713354 

گراتی:
  Inputs: 323402 
  Outputs: 323452 

پایانهمرزیگمرکنوسود:
  Inputs: 713301 
  Outputs: 713351 

شهیدزارع:
  Inputs: 333223 
  Outputs: 333273 

هلشی:
  Inputs: 713205 
  Outputs: 713255 

گزیک:
  Inputs: 333224 
  Outputs: 333274 

سهقلعه:
  Inputs: 333225 
  Outputs: 333275 

دارخوین:
  Inputs: 364151 
  Outputs: 364101 

گهواره:
  Inputs: 713109 
  Outputs: 713159 

درح:
  Inputs: 333301 
  Outputs: 333351 

درمیان:
  Inputs: 333302 
  Outputs: 333352 

گرماب:
  Inputs: 673705 
  Outputs: 673755 

شلمچه:
  Inputs: 363801 
  Outputs: 363851 

قدیمهمدان:
  Inputs: 
  Outputs: 753111 

شهرصنعتیالبرز:
  Inputs: 
  Outputs: 153138 

دهدست:
  Inputs: 
  Outputs: 853453 

#NAME?:
  Inputs: 163237 
  Outputs: 

ثلاث:
  Inputs: 713502 
  Outputs: 

ديلم:
  Inputs: 
  Outputs: 364752 

سیرج:
  Inputs: 
  Outputs: 453253 

قلعگنچ:
  Inputs: 643232 
  Outputs: 

مانشان:
  Inputs: 
  Outputs: 673410 

